64 2
3 0
2.12 2.12
0 3
-2.12 2.12
-3 0
-2.12 -2.12
0 -3
2.12 -2.12
23 0
22.12 2.12
20 3
17.88 2.12
17 0
17.88 -2.12
20 -3
22.12 -2.12
3 -16
2.12 -13.88
0 -13
-2.12 -13.88
-3 -16
-2.12 -18.12
0 -19
2.12 -18.12
23 -16
22.12 -13.88
20 -13
17.88 -13.88
17 -16
17.88 -18.12
20 -19
22.12 -18.12
2.77 1.15
1.15 2.77
-1.15 2.77
-2.77 1.15
-2.77 -1.15
-1.15 -2.77
1.15 -2.77
2.77 -1.15
22.77 1.15
21.15 2.77
18.85 2.77
17.23 1.15
17.23 -1.15
18.85 -2.77
21.15 -2.77
22.77 -1.15
2.77 -14.85
1.15 -13.23
-1.15 -13.23
-2.77 -14.85
-2.77 -17.15
-1.15 -18.77
1.15 -18.77
2.77 -17.15
22.77 -14.85
21.15 -13.23
18.85 -13.23
17.23 -14.85
17.23 -17.15
18.85 -18.77
21.15 -18.77
22.77 -17.15

