-2.12 -13.88
2.12 -13.88
2.12 2.12
22.12 -13.88
-2.12 2.12
-2.12 -2.12
2.12 -2.12
17.88 -13.88
2.12 -18.12
-2.12 -18.12
22.12 -2.12
17.88 -2.12
17.88 2.12
22.12 2.12
17.88 -18.12
22.12 -18.12
17.23 -1.15
18.85 -2.77
17.23 1.15
18.85 2.77
21.15 -2.77
21.15 2.77
22.77 -17.15
22.77 1.15
22.77 -1.15
1.15 -13.23
-1.15 -13.23
-2.77 -17.15
-1.15 -18.77
1.15 -18.77
2.77 -17.15
21.15 -13.23
18.85 -13.23
17.23 -17.15
18.85 -18.77
21.15 -18.77
22.77 -14.85
17.23 -14.85
-1.15 -2.77
1.15 -2.77
2.77 -1.15
-2.77 1.15
-1.15 2.77
1.15 2.77
2.77 1.15
-2.77 -1.15
2.77 -14.85
-2.77 -14.85
17 0
3 0
20 3
23 0
0 -3
-3 0
0 3
20 -3
3 -16
0 -13
-3 -16
0 -19
23 -16
20 -13
17 -16
20 -19
